cons	==1	17456515 (100.0)	17063 (100.00)	134316 (100.00)

agegroup	==1	5965744 (34.2)	73 (0.43)	1346 (1.00)
agegroup	==2	2877525 (16.5)	226 (1.32)	2711 (2.02)
agegroup	==3	3085141 (17.7)	729 (4.27)	7487 (5.57)
agegroup	==4	2421249 (13.9)	1631 (9.56)	15242 (11.35)
agegroup	==5	1963205 (11.2)	3984 (23.35)	32093 (23.89)
agegroup	==6	1143651 (6.6)	10420 (61.07)	75437 (56.16)

male	==0	8739169 (50.1)	7617 (44.64)	67774 (50.46)
male	==1	8717346 (49.9)	9446 (55.36)	66542 (49.54)

obese4cat	==1	13621506 (78.0)	12541 (73.50)	108236 (80.58)
obese4cat	==2	2419268 (13.9)	2761 (16.18)	16630 (12.38)
obese4cat	==3	940080 (5.4)	1152 (6.75)	6222 (4.63)
obese4cat	==4	475661 (2.7)	609 (3.57)	3228 (2.40)

smoke_nomiss	==1	8739756 (50.1)	5678 (33.28)	43947 (32.72)
smoke_nomiss	==2	5747053 (32.9)	10276 (60.22)	72206 (53.76)
smoke_nomiss	==3	2969706 (17.0)	1109 (6.50)	18163 (13.52)

ethnicity	==1	11163018 (63.9)	11280 (66.11)	90619 (67.47)
ethnicity	==2	172141 (1.0)	77 (0.45)	353 (0.26)
ethnicity	==3	1027068 (5.9)	951 (5.57)	2734 (2.04)
ethnicity	==4	343094 (2.0)	308 (1.81)	1054 (0.78)
ethnicity	==5	323893 (1.9)	145 (0.85)	549 (0.41)
ethnicity	>=.	4427301 (25.4)	4302 (25.21)	39007 (29.04)

imd	==1	3519427 (20.2)	2882 (16.89)	25941 (19.31)
imd	==2	3555666 (20.4)	3144 (18.43)	27357 (20.37)
imd	==3	3515186 (20.1)	3258 (19.09)	27696 (20.62)
imd	==4	3491534 (20.0)	3727 (21.84)	26996 (20.10)
imd	==5	3374702 (19.3)	4052 (23.75)	26326 (19.60)


htdiag_or_highbp	==1	5990510 (34.3)	12635 (74.05)	97064 (72.27)
chronic_respiratory_disease	==1	711370 (4.1)	3598 (21.09)	28461 (21.19)
asthmacat	==2	2484264 (14.2)	1902 (11.15)	14054 (10.46)
asthmacat	==3	296251 (1.7)	545 (3.19)	3361 (2.50)
chronic_cardiac_disease	==1	1179367 (6.8)	6202 (36.35)	46465 (34.59)
diabcat	==2	1053215 (6.0)	3604 (21.12)	23929 (17.82)
diabcat	==3	491874 (2.8)	1937 (11.35)	10860 (8.09)
diabcat	==4	196831 (1.1)	664 (3.89)	4636 (3.45)

cancer_exhaem_cat	==2	81070 (0.5)	299 (1.75)	9754 (7.26)
cancer_exhaem_cat	==3	237331 (1.4)	669 (3.92)	11671 (8.69)
cancer_exhaem_cat	==4	547778 (3.1)	1788 (10.48)	17467 (13.00)

cancer_haem_cat	==2	8878 (0.1)	59 (0.35)	835 (0.62)
cancer_haem_cat	==3	28130 (0.2)	168 (0.98)	1453 (1.08)
cancer_haem_cat	==4	64022 (0.4)	272 (1.59)	2164 (1.61)

reduced_kidney_function_cat2	==2	1012185 (5.8)	6296 (36.90)	43973 (32.74)
reduced_kidney_function_cat2	==3	60836 (0.3)	1014 (5.94)	7339 (5.46)
reduced_kidney_function_cat2	==4	31027 (0.2)	372 (2.18)	2516 (1.87)
chronic_liver_disease	==1	100844 (0.6)	266 (1.56)	3718 (2.77)
dementia	==1	41460 (0.2)	1334 (7.82)	6747 (5.02)
stroke	==1	367717 (2.1)	2937 (17.21)	19769 (14.72)
other_neuro	==1	172055 (1.0)	1068 (6.26)	6761 (5.03)
organ_transplant	==1	20194 (0.1)	94 (0.55)	494 (0.37)
spleen	==1	28083 (0.2)	58 (0.34)	631 (0.47)
ra_sle_psoriasis	==1	885573 (5.1)	1543 (9.04)	11263 (8.39)
other_immunosuppression	==1	45307 (0.3)	70 (0.41)	650 (0.48)

*missing BMI included in 'not obese' (n = 3711186 (21.3%); missing smoking included in 'never smoker' (n = 732342 (4.2%))